99.73
98.69
67.97
49.56
18.00
89.36
35.33
8.00
55.79
97.16
51.81
12.88
27.72
27.18
74.93
22.68
79.80
1.98
50.59
25.32
60.97
37.46
59.36
50.63
27.16
19.91
97.53
25.14
63.08
14.07
65.47
31.85
71.25
38.09
84.23
65.21
41.47
55.53
44.02
7.34
64.90
34.19
22.28
58.98
20.87
67.98
35.95
80.31
75.21
39.55
24.97
64.86
37.38
57.07
64.44
9.96
90.10
48.22
81.04
58.94
93.00
46.96
34.15
83.33
99.66
91.98
61.90
65.27
25.41
28.20
12.46
23.44
34.75
60.81
12.58
66.23
86.66
82.65
15.27
71.83
80.14
77.84
79.12
4.78
95.98
8.92
41.56
16.78
21.57
41.89
14.08
55.79
62.39
27.95
69.70
34.75
5.66
23.74
15.58
50.19
88.79
67.48
93.89
8.86
62.27
68.71
50.56
8.49
48.98
85.60
22.66
7.47
87.56
91.84
8.59
16.10
31.77
42.49
96.51
35.51
59.29
42.81
53.61
36.15
62.18
21.30
4.60
6.49
93.79
82.18
42.11
26.42
83.57
19.37
52.44
31.74
14.96
83.04
62.43
47.14
48.34
33.18
10.32
98.67
39.23
52.91
40.42
44.57
37.64
82.23
86.62
32.94
45.43
87.51
29.43
36.75
11.35
55.53
64.26
99.50
37.70
58.37
78.24
14.72
37.12
89.55
81.79
0.20
79.17
57.22
87.34
87.75
22.80
33.87
98.37
65.21
33.33
0.55
19.49
10.61
88.38
35.75
84.12
23.77
21.11
4.46
10.29
12.77
75.90
96.90
88.91
87.13
90.12
93.06
83.14
11.30
96.48
79.33
30.50
41.76
11.52
49.00
78.91
81.72
61.77
20.47
17.81
54.86
84.20
68.06
52.55
14.34
23.67
25.10
27.73
27.68
75.93
98.24
35.90
18.70
22.65
16.34
36.58
2.99
30.45
43.96
80.79
38.85
63.73
56.52
82.12
70.12
94.78
69.87
91.17
21.19
39.36
98.56
0.61
54.89
25.29
89.72
21.94
48.79
46.49
72.42
8.80
12.37
60.20
86.82
50.98
40.97
94.60
17.36
30.15
91.81
99.67
4.56
62.40
17.94
37.57
1.79
70.79
2.54
9.20
56.98
70.69
82.15
9.35
4.88
48.68
90.80
50.19
14.39
97.85
75.96
3.07
78.68
0.81
75.71
34.49
92.48
47.66
19.42
12.41
88.34
26.29
61.03
70.46
88.43
88.48
46.41
23.16
69.52
49.40
0.30
17.65
39.89
52.33
0.66
17.67
60.96
0.95
61.27
77.13
19.55
35.92
10.69
54.81
23.22
57.53
28.08
53.99
58.11
15.63
74.38
81.03
27.25
92.84
16.60
60.95
0.05
42.70
80.85
12.98
31.57
33.08
37.35
48.70
97.70
75.01
79.14
18.92
20.92
58.24
3.74
91.15
2.57
65.88
32.78
78.51
51.24
99.49
99.15
4.48
0.50
7.10
86.71
14.18
1.12
67.61
74.70
16.83
80.98
21.83
27.52
32.16
93.82
47.32
84.93
43.55
22.68
66.64
26.72
12.46
57.32
13.92
25.64
66.77
6.77
5.33
96.23
32.25
1.02
87.49
11.28
83.80
28.05
1.41
42.20
74.44
43.50
8.13
12.06
68.08
5.90
15.17
88.77
22.95
86.16
53.59
32.99
85.70
72.02
79.15
8.42
10.00
89.93
80.01
8.42
72.74
94.95
53.57
74.81
5.69
98.59
50.53
39.98
15.54
67.08
78.23
13.33
31.22
90.44
0.86
70.86
94.87
31.75
44.01
35.43
73.78
17.22
10.12
95.47
98.28
46.38
49.88
3.65
20.90
77.30
82.78
60.91
15.59
93.49
62.45
34.90
92.28
76.01
69.00
93.45
55.76
98.84
79.13
27.78
51.87
33.78
20.94
45.45
7.95
88.91
79.57
42.65
20.56
44.02
55.01
17.26
64.99
92.91
15.51
69.04
39.14
23.12
93.88
53.66
14.27
81.22
44.13
12.06
96.28
10.35
92.24
81.61
73.01
99.04
86.77
82.67
69.18
50.37
3.33
93.16
69.32
98.88
27.11
80.56
42.73
68.55
41.92
73.61
61.42
62.41
80.21
8.73
23.13
18.93
48.95
2.12
14.09
91.51
52.73
75.24
4.07
33.70
77.46
77.84
78.50
79.09
81.10
33.49
17.16
70.13
41.79
4.87
82.30
21.18
22.32
73.38
25.70
69.80
98.05
49.41
24.99
83.35
69.49
67.81
3.77
57.86
31.78
15.22
74.48
66.51
98.40
9.06
17.34
24.41
24.03
80.81
39.44
38.91
6.83
66.87
43.27
95.87
61.33
81.28
30.86
36.39
30.23
59.11
34.60
70.50
31.93
23.92
81.55
64.89
63.98
64.77
18.41
30.12
61.68
3.28
81.25
74.20
76.67
92.95
13.06
69.78
80.51
59.81
63.36
94.83
24.30
30.28
1.73
67.81
52.72
35.82
0.99
13.53
15.71
52.44
20.78
56.47
78.50
61.26
82.33
76.89
68.48
99.42
1.03
95.56
40.01
38.47
16.70
71.79
89.16
11.44
60.53
0.55
0.66
77.08
62.07
70.18
94.17
78.75
33.24
70.24
57.06
43.95
51.97
43.01
5.15
61.83
56.71
92.80
12.77
68.72
45.74
79.09
1.35
2.39
55.35
21.31
86.18
66.26
87.95
22.33
41.55
59.79
38.04
76.32
52.88
15.83
66.82
69.18
1.38
8.11
87.19
71.35
2.64
38.03
15.39
15.80
79.97
56.83
45.77
55.26
33.31
38.47
91.31
26.53
99.05
96.98
19.01
75.89
11.80
4.52
85.77
44.41
94.69
68.22
32.38
26.55
80.96
70.68
23.68
61.98
50.07
42.75
37.39
64.32
60.42
93.64
71.97
54.54
8.46
18.93
8.92
61.14
31.93
52.01
6.00
93.81
1.83
16.86
78.58
96.14
5.38
74.93
94.09
39.25
79.21
28.61
9.52
9.31
47.48
60.94
69.62
75.44
94.77
23.94
10.85
13.47
34.67
21.13
86.04
70.15
21.97
64.76
57.12
5.13
73.15
37.81
51.65
62.81
10.18
64.71
98.26
26.22
40.73
64.52
51.49
28.96
76.70
74.07
49.75
92.91
44.42
91.97
0.88
9.76
81.79
64.19
97.99
81.60
47.08
18.10
4.56
11.08
99.54
21.21
15.25
36.02
10.68
40.01
15.30
89.59
27.16
42.51
57.35
30.51
90.80
12.25
26.12
40.35
88.16
80.20
41.55
38.46
89.54
89.23
1.24
91.86
21.81
65.35
53.02
72.87
37.46
17.96
74.90
3.67
3.79
83.52
90.21
12.02
13.73
99.32
72.75
75.91
66.88
57.87
26.56
6.02
14.24
97.71
8.52
22.96
70.72
62.40
70.54
13.62
56.50
55.53
1.09
75.21
76.40
67.32
40.45
76.65
25.21
17.80
96.50
36.71
17.02
95.87
97.89
52.66
63.94
7.77
2.95
23.58
57.75
47.68
5.59
39.62
51.75
50.37
56.87
2.70
86.35
82.81
8.23
83.33
53.70
33.27
22.83
87.32
49.87
37.79
56.16
78.56
1.29
2.33
75.52
87.21
69.61
35.90
26.92
76.15
87.11
59.05
97.95
68.92
50.71
97.93
1.80
54.41
92.26
37.14
90.03
27.92
56.70
26.31
3.07
63.44
31.71
2.32
42.85
44.41
46.80
84.11
26.18
84.50
98.05
90.80
45.10
24.90
41.10
26.46
75.70
62.09
29.80
86.12
26.09
19.99
14.94
90.30
14.05
23.96
67.53
80.48
57.37
54.97
14.15
59.56
73.68
13.96
74.47
50.45
33.54
91.07
69.76
0.83
38.41
89.29
67.73
26.59
92.60
2.66
21.11
63.73
10.05
65.81
52.96
0.13
2.90
90.45
31.07
3.09
85.52
34.44
46.47
51.72
24.05
67.66
10.85
61.69
37.60
31.42
8.66
91.34
30.46
46.93
6.97
56.95
19.85
1.75
32.11
34.08
17.96
7.80
98.25
50.72
24.21
36.91
34.85
9.39
52.03
23.43
48.06
71.14
98.91
11.39
68.71
81.22
36.91
25.05
86.22
48.36
70.50
42.24
94.44
68.04
34.64
67.30
52.43
85.54
89.94
27.79
6.07
13.94
2.31
50.00
88.79
65.38
27.46
72.99
88.89
51.72
52.46
28.21
0.32
65.52
70.68
85.02
32.57
88.50
73.63
71.34
13.73
25.33
15.11
55.46
50.73
71.41
40.34
80.17
12.50
31.50
57.99
78.75
62.52
98.04
4.65
91.17
42.24
10.68
20.54
37.34
87.86
40.98
